Group 0 top 10 results:
     AU   Avg    SC    AV    BC   CR
0  1196   557  1196  1196  1196   33
1   260   559   260   260   260   51
2  1198   578  1580  1198  2858   67
3  2858   687  1270  2858  2571   91
4  2571   787  1210  2571  1210  109
5   608  1360  2571   593  1270  114
6  1210  1384  2858  2028  1198  115
7  2028  2765   480   608  1580  120
8  1270  2999  1198  1197   480  127
9   593  3012   589   318   608  133

Group 1 top 10 results:
     AU   Avg    SC    AV    BC   CR
0   260   572  1580  1198  1196   51
1  1196   729  1270  1196   260   91
2  1198   981   589   260  1270  109
3   593  1420  1196   593   589  115
4  1270  1664  2716   318   593  127
5   589  1795   260  1270  1198  130
6   318  2930   480   589  2571  133
7   296  3245   356  2762  1580  134
8  2571  3338   457   608  2716  139
9   608  3800   377   858  1240  143

Group 2 top 10 results:
     AU   Avg    SC    AV    BC   CR
0  2858    53  2858  2858  2858   51
1   260   128   260   260   260   91
2  1196   561  1210  1196  1196   98
3  1210   598  1196  2028  1210  109
4  2028   649  2028   593  2028  115
5   593   854   480  2762   589  130
6  2762   989   589  1210   480  138
7  2571  1071   593   527   593  139
8   527  1787  2762  1198  2762  142
9   589  1830  2571  2571  2571  143

85.70449 sec
