Cluster 0 top 10 results:
     AU   Avg  SC    AV    BC  CR
0  1196  1196   1  1196  1196   1
1   260   260   2   260   260   2
2  1198  1198   3  1198  2858   3
3  2858  2858   4  2858  2571   4
4  2571  2571   5  2571  1210   5
5   608   608   6   593  1270   6
6  1210  1210   7  2028  1198   7
7  2028  2028   8   608  1580   8
8  1270  1270   9  1197   480   9
9   593   593  10   318   608  10
Cluster 1 top 10 results:
     AU   Avg  SC    AV    BC  CR
0   260   260   1  1198  1196   1
1  1196  1196   2  1196   260   2
2  1198  1198   3   260  1270   3
3   593   593   4   593   589   4
4  1270  1270   5   318   593   5
5   589   589   6  1270  1198   6
6   318   318   7   589  2571   7
7   296   296   8  2762  1580   8
8  2571  2571   9   608  2716   9
9   608   608  10   858  1240  10
Cluster 2 top 10 results:
     AU   Avg  SC    AV    BC  CR
0  2858  2858   1  2858  2858   1
1   260   260   2   260   260   2
2  1196  1196   3  1196  1196   3
3  1210  1210   4  2028  1210   4
4  2028  2028   5   593  2028   5
5   593   593   6  2762   589   6
6  2762  2762   7  1210   480   7
7  2571  2571   8   527   593   8
8   527   527   9  1198  2762   9
9   589   589  10  2571  2571  10
1584.17070 sec
